{
 "cells": [
  {
   "cell_type": "markdown",
   "metadata": {},
   "source": [
    "# kNN Project\n",
    "\n",
    "I am following a tutorial in order to educate myself on how to use the k-Nearest-Neighbors algorithm in `skikit-learn` I will also be working with the `pandas` library as well as `plotly.express` for vizualizations. I will be looking at data that comes from the file `500hits.csv` which is about baseball players that are play with teams that are involved with the MLB. We will be dropping the following players or categories from the data before we begin:\n",
    "\n",
    " - Players that retired within the last 5 years because they do not qualify for the Hall of Fame.\n",
    " - Players that have used steroids.\n",
    " - Pete Rose because he is banned from baseball for betting on games including the Cincinatti Reds in 1989 which he was a manager of.\n",
    "\n",
    " **Let the fun Begin!**"
   ]
  },
  {
   "cell_type": "code",
   "execution_count": 1,
   "metadata": {},
   "outputs": [],
   "source": [
    "import pandas as pd\n",
    "import plotly.express as px\n",
    "from sklearn.neighbors import KNeighborsClassifier\n",
    "from sklearn.model_selection import train_test_split\n",
    "from sklearn.preprocessing import MinMaxScaler \n",
    "from sklearn.metrics import confusion_matrix, classification_report\n",
    "# the MinMaxScaler scales features to a specified range (default: 0 to 1)"
   ]
  },
  {
   "cell_type": "code",
   "execution_count": 2,
   "metadata": {},
   "outputs": [],
   "source": [
    "# Coding the model\n",
    "\n",
    "df = pd.read_csv('500hits.csv', encoding='latin-1')"
   ]
  },
  {
   "cell_type": "code",
   "execution_count": 3,
   "metadata": {},
   "outputs": [
    {
     "data": {
      "text/html": [
       "<div>\n",
       "<style scoped>\n",
       "    .dataframe tbody tr th:only-of-type {\n",
       "        vertical-align: middle;\n",
       "    }\n",
       "\n",
       "    .dataframe tbody tr th {\n",
       "        vertical-align: top;\n",
       "    }\n",
       "\n",
       "    .dataframe thead th {\n",
       "        text-align: right;\n",
       "    }\n",
       "</style>\n",
       "<table border=\"1\" class=\"dataframe\">\n",
       "  <thead>\n",
       "    <tr style=\"text-align: right;\">\n",
       "      <th></th>\n",
       "      <th>PLAYER</th>\n",
       "      <th>YRS</th>\n",
       "      <th>G</th>\n",
       "      <th>AB</th>\n",
       "      <th>R</th>\n",
       "      <th>H</th>\n",
       "      <th>2B</th>\n",
       "      <th>3B</th>\n",
       "      <th>HR</th>\n",
       "      <th>RBI</th>\n",
       "      <th>BB</th>\n",
       "      <th>SO</th>\n",
       "      <th>SB</th>\n",
       "      <th>CS</th>\n",
       "      <th>BA</th>\n",
       "      <th>HOF</th>\n",
       "    </tr>\n",
       "  </thead>\n",
       "  <tbody>\n",
       "    <tr>\n",
       "      <th>0</th>\n",
       "      <td>Ty Cobb</td>\n",
       "      <td>24</td>\n",
       "      <td>3035</td>\n",
       "      <td>11434</td>\n",
       "      <td>2246</td>\n",
       "      <td>4189</td>\n",
       "      <td>724</td>\n",
       "      <td>295</td>\n",
       "      <td>117</td>\n",
       "      <td>726</td>\n",
       "      <td>1249</td>\n",
       "      <td>357</td>\n",
       "      <td>892</td>\n",
       "      <td>178</td>\n",
       "      <td>0.366</td>\n",
       "      <td>1</td>\n",
       "    </tr>\n",
       "    <tr>\n",
       "      <th>1</th>\n",
       "      <td>Stan Musial</td>\n",
       "      <td>22</td>\n",
       "      <td>3026</td>\n",
       "      <td>10972</td>\n",
       "      <td>1949</td>\n",
       "      <td>3630</td>\n",
       "      <td>725</td>\n",
       "      <td>177</td>\n",
       "      <td>475</td>\n",
       "      <td>1951</td>\n",
       "      <td>1599</td>\n",
       "      <td>696</td>\n",
       "      <td>78</td>\n",
       "      <td>31</td>\n",
       "      <td>0.331</td>\n",
       "      <td>1</td>\n",
       "    </tr>\n",
       "    <tr>\n",
       "      <th>2</th>\n",
       "      <td>Tris Speaker</td>\n",
       "      <td>22</td>\n",
       "      <td>2789</td>\n",
       "      <td>10195</td>\n",
       "      <td>1882</td>\n",
       "      <td>3514</td>\n",
       "      <td>792</td>\n",
       "      <td>222</td>\n",
       "      <td>117</td>\n",
       "      <td>724</td>\n",
       "      <td>1381</td>\n",
       "      <td>220</td>\n",
       "      <td>432</td>\n",
       "      <td>129</td>\n",
       "      <td>0.345</td>\n",
       "      <td>1</td>\n",
       "    </tr>\n",
       "    <tr>\n",
       "      <th>3</th>\n",
       "      <td>Derek Jeter</td>\n",
       "      <td>20</td>\n",
       "      <td>2747</td>\n",
       "      <td>11195</td>\n",
       "      <td>1923</td>\n",
       "      <td>3465</td>\n",
       "      <td>544</td>\n",
       "      <td>66</td>\n",
       "      <td>260</td>\n",
       "      <td>1311</td>\n",
       "      <td>1082</td>\n",
       "      <td>1840</td>\n",
       "      <td>358</td>\n",
       "      <td>97</td>\n",
       "      <td>0.310</td>\n",
       "      <td>1</td>\n",
       "    </tr>\n",
       "    <tr>\n",
       "      <th>4</th>\n",
       "      <td>Honus Wagner</td>\n",
       "      <td>21</td>\n",
       "      <td>2792</td>\n",
       "      <td>10430</td>\n",
       "      <td>1736</td>\n",
       "      <td>3430</td>\n",
       "      <td>640</td>\n",
       "      <td>252</td>\n",
       "      <td>101</td>\n",
       "      <td>0</td>\n",
       "      <td>963</td>\n",
       "      <td>327</td>\n",
       "      <td>722</td>\n",
       "      <td>15</td>\n",
       "      <td>0.329</td>\n",
       "      <td>1</td>\n",
       "    </tr>\n",
       "  </tbody>\n",
       "</table>\n",
       "</div>"
      ],
      "text/plain": [
       "         PLAYER  YRS     G     AB     R     H   2B   3B   HR   RBI    BB  \\\n",
       "0       Ty Cobb   24  3035  11434  2246  4189  724  295  117   726  1249   \n",
       "1   Stan Musial   22  3026  10972  1949  3630  725  177  475  1951  1599   \n",
       "2  Tris Speaker   22  2789  10195  1882  3514  792  222  117   724  1381   \n",
       "3   Derek Jeter   20  2747  11195  1923  3465  544   66  260  1311  1082   \n",
       "4  Honus Wagner   21  2792  10430  1736  3430  640  252  101     0   963   \n",
       "\n",
       "     SO   SB   CS     BA  HOF  \n",
       "0   357  892  178  0.366    1  \n",
       "1   696   78   31  0.331    1  \n",
       "2   220  432  129  0.345    1  \n",
       "3  1840  358   97  0.310    1  \n",
       "4   327  722   15  0.329    1  "
      ]
     },
     "execution_count": 3,
     "metadata": {},
     "output_type": "execute_result"
    }
   ],
   "source": [
    "df.head()"
   ]
  },
  {
   "cell_type": "code",
   "execution_count": 4,
   "metadata": {},
   "outputs": [],
   "source": [
    "# Cleaning the data\n",
    "# Will be dropping the columns 'PLAYER' and 'CS'\n",
    "\n",
    "df = df.drop(columns=['PLAYER', 'CS'])"
   ]
  },
  {
   "cell_type": "code",
   "execution_count": 5,
   "metadata": {},
   "outputs": [
    {
     "data": {
      "text/html": [
       "<div>\n",
       "<style scoped>\n",
       "    .dataframe tbody tr th:only-of-type {\n",
       "        vertical-align: middle;\n",
       "    }\n",
       "\n",
       "    .dataframe tbody tr th {\n",
       "        vertical-align: top;\n",
       "    }\n",
       "\n",
       "    .dataframe thead th {\n",
       "        text-align: right;\n",
       "    }\n",
       "</style>\n",
       "<table border=\"1\" class=\"dataframe\">\n",
       "  <thead>\n",
       "    <tr style=\"text-align: right;\">\n",
       "      <th></th>\n",
       "      <th>YRS</th>\n",
       "      <th>G</th>\n",
       "      <th>AB</th>\n",
       "      <th>R</th>\n",
       "      <th>H</th>\n",
       "      <th>2B</th>\n",
       "      <th>3B</th>\n",
       "      <th>HR</th>\n",
       "      <th>RBI</th>\n",
       "      <th>BB</th>\n",
       "      <th>SO</th>\n",
       "      <th>SB</th>\n",
       "      <th>BA</th>\n",
       "      <th>HOF</th>\n",
       "    </tr>\n",
       "  </thead>\n",
       "  <tbody>\n",
       "    <tr>\n",
       "      <th>0</th>\n",
       "      <td>24</td>\n",
       "      <td>3035</td>\n",
       "      <td>11434</td>\n",
       "      <td>2246</td>\n",
       "      <td>4189</td>\n",
       "      <td>724</td>\n",
       "      <td>295</td>\n",
       "      <td>117</td>\n",
       "      <td>726</td>\n",
       "      <td>1249</td>\n",
       "      <td>357</td>\n",
       "      <td>892</td>\n",
       "      <td>0.366</td>\n",
       "      <td>1</td>\n",
       "    </tr>\n",
       "    <tr>\n",
       "      <th>1</th>\n",
       "      <td>22</td>\n",
       "      <td>3026</td>\n",
       "      <td>10972</td>\n",
       "      <td>1949</td>\n",
       "      <td>3630</td>\n",
       "      <td>725</td>\n",
       "      <td>177</td>\n",
       "      <td>475</td>\n",
       "      <td>1951</td>\n",
       "      <td>1599</td>\n",
       "      <td>696</td>\n",
       "      <td>78</td>\n",
       "      <td>0.331</td>\n",
       "      <td>1</td>\n",
       "    </tr>\n",
       "    <tr>\n",
       "      <th>2</th>\n",
       "      <td>22</td>\n",
       "      <td>2789</td>\n",
       "      <td>10195</td>\n",
       "      <td>1882</td>\n",
       "      <td>3514</td>\n",
       "      <td>792</td>\n",
       "      <td>222</td>\n",
       "      <td>117</td>\n",
       "      <td>724</td>\n",
       "      <td>1381</td>\n",
       "      <td>220</td>\n",
       "      <td>432</td>\n",
       "      <td>0.345</td>\n",
       "      <td>1</td>\n",
       "    </tr>\n",
       "    <tr>\n",
       "      <th>3</th>\n",
       "      <td>20</td>\n",
       "      <td>2747</td>\n",
       "      <td>11195</td>\n",
       "      <td>1923</td>\n",
       "      <td>3465</td>\n",
       "      <td>544</td>\n",
       "      <td>66</td>\n",
       "      <td>260</td>\n",
       "      <td>1311</td>\n",
       "      <td>1082</td>\n",
       "      <td>1840</td>\n",
       "      <td>358</td>\n",
       "      <td>0.310</td>\n",
       "      <td>1</td>\n",
       "    </tr>\n",
       "    <tr>\n",
       "      <th>4</th>\n",
       "      <td>21</td>\n",
       "      <td>2792</td>\n",
       "      <td>10430</td>\n",
       "      <td>1736</td>\n",
       "      <td>3430</td>\n",
       "      <td>640</td>\n",
       "      <td>252</td>\n",
       "      <td>101</td>\n",
       "      <td>0</td>\n",
       "      <td>963</td>\n",
       "      <td>327</td>\n",
       "      <td>722</td>\n",
       "      <td>0.329</td>\n",
       "      <td>1</td>\n",
       "    </tr>\n",
       "  </tbody>\n",
       "</table>\n",
       "</div>"
      ],
      "text/plain": [
       "   YRS     G     AB     R     H   2B   3B   HR   RBI    BB    SO   SB     BA  \\\n",
       "0   24  3035  11434  2246  4189  724  295  117   726  1249   357  892  0.366   \n",
       "1   22  3026  10972  1949  3630  725  177  475  1951  1599   696   78  0.331   \n",
       "2   22  2789  10195  1882  3514  792  222  117   724  1381   220  432  0.345   \n",
       "3   20  2747  11195  1923  3465  544   66  260  1311  1082  1840  358  0.310   \n",
       "4   21  2792  10430  1736  3430  640  252  101     0   963   327  722  0.329   \n",
       "\n",
       "   HOF  \n",
       "0    1  \n",
       "1    1  \n",
       "2    1  \n",
       "3    1  \n",
       "4    1  "
      ]
     },
     "execution_count": 5,
     "metadata": {},
     "output_type": "execute_result"
    }
   ],
   "source": [
    "df.head()"
   ]
  },
  {
   "cell_type": "code",
   "execution_count": 6,
   "metadata": {},
   "outputs": [
    {
     "data": {
      "application/vnd.plotly.v1+json": {
       "config": {
        "plotlyServerURL": "https://plot.ly"
       },
       "data": [
        {
         "coloraxis": "coloraxis",
         "hovertemplate": "x: %{x}<br>y: %{y}<br>correlation: %{z}<extra></extra>",
         "name": "0",
         "texttemplate": "%{z}",
         "type": "heatmap",
         "x": [
          "YRS",
          "G",
          "AB",
          "R",
          "H",
          "2B",
          "3B",
          "HR",
          "RBI",
          "BB",
          "SO",
          "SB",
          "BA",
          "HOF"
         ],
         "xaxis": "x",
         "y": [
          "YRS",
          "G",
          "AB",
          "R",
          "H",
          "2B",
          "3B",
          "HR",
          "RBI",
          "BB",
          "SO",
          "SB",
          "BA",
          "HOF"
         ],
         "yaxis": "y",
         "z": [
          [
           1,
           0.8044996875471955,
           0.7268045150845931,
           0.5191142768474637,
           0.6455069262051355,
           0.4769429860921567,
           0.18077252672093916,
           0.2716862612234994,
           0.27559569752922064,
           0.4436455102505635,
           0.22043766765936978,
           0.15167470205897565,
           -0.029745045509920617,
           0.37323497352786894
          ],
          [
           0.8044996875471955,
           1,
           0.9470204210309139,
           0.6526325720524141,
           0.829722042707972,
           0.6581899811752829,
           0.13020887215894908,
           0.4364946576637365,
           0.4886543816467922,
           0.5945798885067644,
           0.41206300476862484,
           0.151764971602093,
           -0.059922761238823924,
           0.40236437973771144
          ],
          [
           0.7268045150845931,
           0.9470204210309139,
           1,
           0.750055308431618,
           0.9191735386933012,
           0.6944014919634979,
           0.26912219399528275,
           0.33051029068166005,
           0.3697246335948291,
           0.49253592261233375,
           0.3068775652112586,
           0.28541576466436125,
           0.05261072231486204,
           0.44756760538016466
          ],
          [
           0.5191142768474637,
           0.6526325720524141,
           0.750055308431618,
           1,
           0.822851889644367,
           0.6189144366722266,
           0.4705456048635092,
           0.3263151891936664,
           0.20482694372980678,
           0.6754184394487239,
           0.15194610654243135,
           0.4731941905068109,
           0.3794482737783417,
           0.5462672389413876
          ],
          [
           0.6455069262051355,
           0.829722042707972,
           0.9191735386933012,
           0.822851889644367,
           1,
           0.7678779322911555,
           0.4417442792822554,
           0.25010668797497393,
           0.3170332593263396,
           0.4644819702848078,
           0.11292839410649888,
           0.29962526110261717,
           0.435631772150403,
           0.5697758984602045
          ],
          [
           0.4769429860921567,
           0.6581899811752829,
           0.6944014919634979,
           0.6189144366722266,
           0.7678779322911555,
           1,
           0.17048335793574138,
           0.43232594512598266,
           0.5317189260493507,
           0.43522512293846594,
           0.31672851042133443,
           0.007245239481256029,
           0.3587767123931799,
           0.4181807720124491
          ],
          [
           0.18077252672093916,
           0.13020887215894908,
           0.26912219399528275,
           0.4705456048635092,
           0.4417442792822554,
           0.17048335793574138,
           1,
           -0.39246708684437975,
           -0.42138834633788746,
           0.02840122684414815,
           -0.5085601386613183,
           0.4961481366211319,
           0.5024526538720593,
           0.37020843369060313
          ],
          [
           0.2716862612234994,
           0.4364946576637365,
           0.33051029068166005,
           0.3263151891936664,
           0.25010668797497393,
           0.43232594512598266,
           -0.39246708684437975,
           1,
           0.8209561827916247,
           0.5031825107625679,
           0.7631901553885069,
           -0.35057401282228867,
           -0.11587434100681708,
           0.2028913764677624
          ],
          [
           0.27559569752922064,
           0.4886543816467922,
           0.3697246335948291,
           0.20482694372980678,
           0.3170332593263396,
           0.5317189260493507,
           -0.42138834633788746,
           0.8209561827916247,
           1,
           0.4327957628348435,
           0.6859855237091923,
           -0.46694892286096185,
           -0.03329498092022545,
           0.2127780452521193
          ],
          [
           0.4436455102505635,
           0.5945798885067644,
           0.49253592261233375,
           0.6754184394487239,
           0.4644819702848078,
           0.43522512293846594,
           0.02840122684414815,
           0.5031825107625679,
           0.4327957628348435,
           1,
           0.3762720492457366,
           0.09146549878363353,
           0.05241135621907858,
           0.35577748909793533
          ],
          [
           0.22043766765936978,
           0.41206300476862484,
           0.3068775652112586,
           0.15194610654243135,
           0.11292839410649888,
           0.31672851042133443,
           -0.5085601386613183,
           0.7631901553885069,
           0.6859855237091923,
           0.3762720492457366,
           1,
           -0.19182590889251638,
           -0.41672717924325736,
           -0.040869268611823606
          ],
          [
           0.15167470205897565,
           0.151764971602093,
           0.28541576466436125,
           0.4731941905068109,
           0.29962526110261717,
           0.007245239481256029,
           0.4961481366211319,
           -0.35057401282228867,
           -0.46694892286096185,
           0.09146549878363353,
           -0.19182590889251638,
           1,
           0.10760219684668593,
           0.1266569133765653
          ],
          [
           -0.029745045509920617,
           -0.059922761238823924,
           0.05261072231486204,
           0.3794482737783417,
           0.435631772150403,
           0.3587767123931799,
           0.5024526538720593,
           -0.11587434100681708,
           -0.03329498092022545,
           0.05241135621907858,
           -0.41672717924325736,
           0.10760219684668593,
           1,
           0.44337597184587557
          ],
          [
           0.37323497352786894,
           0.40236437973771144,
           0.44756760538016466,
           0.5462672389413876,
           0.5697758984602045,
           0.4181807720124491,
           0.37020843369060313,
           0.2028913764677624,
           0.2127780452521193,
           0.35577748909793533,
           -0.040869268611823606,
           0.1266569133765653,
           0.44337597184587557,
           1
          ]
         ]
        }
       ],
       "layout": {
        "coloraxis": {
         "cmax": 1,
         "cmin": -1,
         "colorbar": {
          "title": {
           "text": "correlation"
          }
         },
         "colorscale": [
          [
           0,
           "rgb(3, 5, 18)"
          ],
          [
           0.09090909090909091,
           "rgb(25, 25, 51)"
          ],
          [
           0.18181818181818182,
           "rgb(44, 42, 87)"
          ],
          [
           0.2727272727272727,
           "rgb(58, 60, 125)"
          ],
          [
           0.36363636363636365,
           "rgb(62, 83, 160)"
          ],
          [
           0.45454545454545453,
           "rgb(62, 109, 178)"
          ],
          [
           0.5454545454545454,
           "rgb(72, 134, 187)"
          ],
          [
           0.6363636363636364,
           "rgb(89, 159, 196)"
          ],
          [
           0.7272727272727273,
           "rgb(114, 184, 205)"
          ],
          [
           0.8181818181818182,
           "rgb(149, 207, 216)"
          ],
          [
           0.9090909090909091,
           "rgb(192, 229, 232)"
          ],
          [
           1,
           "rgb(234, 252, 253)"
          ]
         ]
        },
        "margin": {
         "t": 60
        },
        "template": {
         "data": {
          "bar": [
           {
            "error_x": {
             "color": "#2a3f5f"
            },
            "error_y": {
             "color": "#2a3f5f"
            },
            "marker": {
             "line": {
              "color": "#E5ECF6",
              "width": 0.5
             },
             "pattern": {
              "fillmode": "overlay",
              "size": 10,
              "solidity": 0.2
             }
            },
            "type": "bar"
           }
          ],
          "barpolar": [
           {
            "marker": {
             "line": {
              "color": "#E5ECF6",
              "width": 0.5
             },
             "pattern": {
              "fillmode": "overlay",
              "size": 10,
              "solidity": 0.2
             }
            },
            "type": "barpolar"
           }
          ],
          "carpet": [
           {
            "aaxis": {
             "endlinecolor": "#2a3f5f",
             "gridcolor": "white",
             "linecolor": "white",
             "minorgridcolor": "white",
             "startlinecolor": "#2a3f5f"
            },
            "baxis": {
             "endlinecolor": "#2a3f5f",
             "gridcolor": "white",
             "linecolor": "white",
             "minorgridcolor": "white",
             "startlinecolor": "#2a3f5f"
            },
            "type": "carpet"
           }
          ],
          "choropleth": [
           {
            "colorbar": {
             "outlinewidth": 0,
             "ticks": ""
            },
            "type": "choropleth"
           }
          ],
          "contour": [
           {
            "colorbar": {
             "outlinewidth": 0,
             "ticks": ""
            },
            "colorscale": [
             [
              0,
              "#0d0887"
             ],
             [
              0.1111111111111111,
              "#46039f"
             ],
             [
              0.2222222222222222,
              "#7201a8"
             ],
             [
              0.3333333333333333,
              "#9c179e"
             ],
             [
              0.4444444444444444,
              "#bd3786"
             ],
             [
              0.5555555555555556,
              "#d8576b"
             ],
             [
              0.6666666666666666,
              "#ed7953"
             ],
             [
              0.7777777777777778,
              "#fb9f3a"
             ],
             [
              0.8888888888888888,
              "#fdca26"
             ],
             [
              1,
              "#f0f921"
             ]
            ],
            "type": "contour"
           }
          ],
          "contourcarpet": [
           {
            "colorbar": {
             "outlinewidth": 0,
             "ticks": ""
            },
            "type": "contourcarpet"
           }
          ],
          "heatmap": [
           {
            "colorbar": {
             "outlinewidth": 0,
             "ticks": ""
            },
            "colorscale": [
             [
              0,
              "#0d0887"
             ],
             [
              0.1111111111111111,
              "#46039f"
             ],
             [
              0.2222222222222222,
              "#7201a8"
             ],
             [
              0.3333333333333333,
              "#9c179e"
             ],
             [
              0.4444444444444444,
              "#bd3786"
             ],
             [
              0.5555555555555556,
              "#d8576b"
             ],
             [
              0.6666666666666666,
              "#ed7953"
             ],
             [
              0.7777777777777778,
              "#fb9f3a"
             ],
             [
              0.8888888888888888,
              "#fdca26"
             ],
             [
              1,
              "#f0f921"
             ]
            ],
            "type": "heatmap"
           }
          ],
          "heatmapgl": [
           {
            "colorbar": {
             "outlinewidth": 0,
             "ticks": ""
            },
            "colorscale": [
             [
              0,
              "#0d0887"
             ],
             [
              0.1111111111111111,
              "#46039f"
             ],
             [
              0.2222222222222222,
              "#7201a8"
             ],
             [
              0.3333333333333333,
              "#9c179e"
             ],
             [
              0.4444444444444444,
              "#bd3786"
             ],
             [
              0.5555555555555556,
              "#d8576b"
             ],
             [
              0.6666666666666666,
              "#ed7953"
             ],
             [
              0.7777777777777778,
              "#fb9f3a"
             ],
             [
              0.8888888888888888,
              "#fdca26"
             ],
             [
              1,
              "#f0f921"
             ]
            ],
            "type": "heatmapgl"
           }
          ],
          "histogram": [
           {
            "marker": {
             "pattern": {
              "fillmode": "overlay",
              "size": 10,
              "solidity": 0.2
             }
            },
            "type": "histogram"
           }
          ],
          "histogram2d": [
           {
            "colorbar": {
             "outlinewidth": 0,
             "ticks": ""
            },
            "colorscale": [
             [
              0,
              "#0d0887"
             ],
             [
              0.1111111111111111,
              "#46039f"
             ],
             [
              0.2222222222222222,
              "#7201a8"
             ],
             [
              0.3333333333333333,
              "#9c179e"
             ],
             [
              0.4444444444444444,
              "#bd3786"
             ],
             [
              0.5555555555555556,
              "#d8576b"
             ],
             [
              0.6666666666666666,
              "#ed7953"
             ],
             [
              0.7777777777777778,
              "#fb9f3a"
             ],
             [
              0.8888888888888888,
              "#fdca26"
             ],
             [
              1,
              "#f0f921"
             ]
            ],
            "type": "histogram2d"
           }
          ],
          "histogram2dcontour": [
           {
            "colorbar": {
             "outlinewidth": 0,
             "ticks": ""
            },
            "colorscale": [
             [
              0,
              "#0d0887"
             ],
             [
              0.1111111111111111,
              "#46039f"
             ],
             [
              0.2222222222222222,
              "#7201a8"
             ],
             [
              0.3333333333333333,
              "#9c179e"
             ],
             [
              0.4444444444444444,
              "#bd3786"
             ],
             [
              0.5555555555555556,
              "#d8576b"
             ],
             [
              0.6666666666666666,
              "#ed7953"
             ],
             [
              0.7777777777777778,
              "#fb9f3a"
             ],
             [
              0.8888888888888888,
              "#fdca26"
             ],
             [
              1,
              "#f0f921"
             ]
            ],
            "type": "histogram2dcontour"
           }
          ],
          "mesh3d": [
           {
            "colorbar": {
             "outlinewidth": 0,
             "ticks": ""
            },
            "type": "mesh3d"
           }
          ],
          "parcoords": [
           {
            "line": {
             "colorbar": {
              "outlinewidth": 0,
              "ticks": ""
             }
            },
            "type": "parcoords"
           }
          ],
          "pie": [
           {
            "automargin": true,
            "type": "pie"
           }
          ],
          "scatter": [
           {
            "fillpattern": {
             "fillmode": "overlay",
             "size": 10,
             "solidity": 0.2
            },
            "type": "scatter"
           }
          ],
          "scatter3d": [
           {
            "line": {
             "colorbar": {
              "outlinewidth": 0,
              "ticks": ""
             }
            },
            "marker": {
             "colorbar": {
              "outlinewidth": 0,
              "ticks": ""
             }
            },
            "type": "scatter3d"
           }
          ],
          "scattercarpet": [
           {
            "marker": {
             "colorbar": {
              "outlinewidth": 0,
              "ticks": ""
             }
            },
            "type": "scattercarpet"
           }
          ],
          "scattergeo": [
           {
            "marker": {
             "colorbar": {
              "outlinewidth": 0,
              "ticks": ""
             }
            },
            "type": "scattergeo"
           }
          ],
          "scattergl": [
           {
            "marker": {
             "colorbar": {
              "outlinewidth": 0,
              "ticks": ""
             }
            },
            "type": "scattergl"
           }
          ],
          "scattermapbox": [
           {
            "marker": {
             "colorbar": {
              "outlinewidth": 0,
              "ticks": ""
             }
            },
            "type": "scattermapbox"
           }
          ],
          "scatterpolar": [
           {
            "marker": {
             "colorbar": {
              "outlinewidth": 0,
              "ticks": ""
             }
            },
            "type": "scatterpolar"
           }
          ],
          "scatterpolargl": [
           {
            "marker": {
             "colorbar": {
              "outlinewidth": 0,
              "ticks": ""
             }
            },
            "type": "scatterpolargl"
           }
          ],
          "scatterternary": [
           {
            "marker": {
             "colorbar": {
              "outlinewidth": 0,
              "ticks": ""
             }
            },
            "type": "scatterternary"
           }
          ],
          "surface": [
           {
            "colorbar": {
             "outlinewidth": 0,
             "ticks": ""
            },
            "colorscale": [
             [
              0,
              "#0d0887"
             ],
             [
              0.1111111111111111,
              "#46039f"
             ],
             [
              0.2222222222222222,
              "#7201a8"
             ],
             [
              0.3333333333333333,
              "#9c179e"
             ],
             [
              0.4444444444444444,
              "#bd3786"
             ],
             [
              0.5555555555555556,
              "#d8576b"
             ],
             [
              0.6666666666666666,
              "#ed7953"
             ],
             [
              0.7777777777777778,
              "#fb9f3a"
             ],
             [
              0.8888888888888888,
              "#fdca26"
             ],
             [
              1,
              "#f0f921"
             ]
            ],
            "type": "surface"
           }
          ],
          "table": [
           {
            "cells": {
             "fill": {
              "color": "#EBF0F8"
             },
             "line": {
              "color": "white"
             }
            },
            "header": {
             "fill": {
              "color": "#C8D4E3"
             },
             "line": {
              "color": "white"
             }
            },
            "type": "table"
           }
          ]
         },
         "layout": {
          "annotationdefaults": {
           "arrowcolor": "#2a3f5f",
           "arrowhead": 0,
           "arrowwidth": 1
          },
          "autotypenumbers": "strict",
          "coloraxis": {
           "colorbar": {
            "outlinewidth": 0,
            "ticks": ""
           }
          },
          "colorscale": {
           "diverging": [
            [
             0,
             "#8e0152"
            ],
            [
             0.1,
             "#c51b7d"
            ],
            [
             0.2,
             "#de77ae"
            ],
            [
             0.3,
             "#f1b6da"
            ],
            [
             0.4,
             "#fde0ef"
            ],
            [
             0.5,
             "#f7f7f7"
            ],
            [
             0.6,
             "#e6f5d0"
            ],
            [
             0.7,
             "#b8e186"
            ],
            [
             0.8,
             "#7fbc41"
            ],
            [
             0.9,
             "#4d9221"
            ],
            [
             1,
             "#276419"
            ]
           ],
           "sequential": [
            [
             0,
             "#0d0887"
            ],
            [
             0.1111111111111111,
             "#46039f"
            ],
            [
             0.2222222222222222,
             "#7201a8"
            ],
            [
             0.3333333333333333,
             "#9c179e"
            ],
            [
             0.4444444444444444,
             "#bd3786"
            ],
            [
             0.5555555555555556,
             "#d8576b"
            ],
            [
             0.6666666666666666,
             "#ed7953"
            ],
            [
             0.7777777777777778,
             "#fb9f3a"
            ],
            [
             0.8888888888888888,
             "#fdca26"
            ],
            [
             1,
             "#f0f921"
            ]
           ],
           "sequentialminus": [
            [
             0,
             "#0d0887"
            ],
            [
             0.1111111111111111,
             "#46039f"
            ],
            [
             0.2222222222222222,
             "#7201a8"
            ],
            [
             0.3333333333333333,
             "#9c179e"
            ],
            [
             0.4444444444444444,
             "#bd3786"
            ],
            [
             0.5555555555555556,
             "#d8576b"
            ],
            [
             0.6666666666666666,
             "#ed7953"
            ],
            [
             0.7777777777777778,
             "#fb9f3a"
            ],
            [
             0.8888888888888888,
             "#fdca26"
            ],
            [
             1,
             "#f0f921"
            ]
           ]
          },
          "colorway": [
           "#636efa",
           "#EF553B",
           "#00cc96",
           "#ab63fa",
           "#FFA15A",
           "#19d3f3",
           "#FF6692",
           "#B6E880",
           "#FF97FF",
           "#FECB52"
          ],
          "font": {
           "color": "#2a3f5f"
          },
          "geo": {
           "bgcolor": "white",
           "lakecolor": "white",
           "landcolor": "#E5ECF6",
           "showlakes": true,
           "showland": true,
           "subunitcolor": "white"
          },
          "hoverlabel": {
           "align": "left"
          },
          "hovermode": "closest",
          "mapbox": {
           "style": "light"
          },
          "paper_bgcolor": "white",
          "plot_bgcolor": "#E5ECF6",
          "polar": {
           "angularaxis": {
            "gridcolor": "white",
            "linecolor": "white",
            "ticks": ""
           },
           "bgcolor": "#E5ECF6",
           "radialaxis": {
            "gridcolor": "white",
            "linecolor": "white",
            "ticks": ""
           }
          },
          "scene": {
           "xaxis": {
            "backgroundcolor": "#E5ECF6",
            "gridcolor": "white",
            "gridwidth": 2,
            "linecolor": "white",
            "showbackground": true,
            "ticks": "",
            "zerolinecolor": "white"
           },
           "yaxis": {
            "backgroundcolor": "#E5ECF6",
            "gridcolor": "white",
            "gridwidth": 2,
            "linecolor": "white",
            "showbackground": true,
            "ticks": "",
            "zerolinecolor": "white"
           },
           "zaxis": {
            "backgroundcolor": "#E5ECF6",
            "gridcolor": "white",
            "gridwidth": 2,
            "linecolor": "white",
            "showbackground": true,
            "ticks": "",
            "zerolinecolor": "white"
           }
          },
          "shapedefaults": {
           "line": {
            "color": "#2a3f5f"
           }
          },
          "ternary": {
           "aaxis": {
            "gridcolor": "white",
            "linecolor": "white",
            "ticks": ""
           },
           "baxis": {
            "gridcolor": "white",
            "linecolor": "white",
            "ticks": ""
           },
           "bgcolor": "#E5ECF6",
           "caxis": {
            "gridcolor": "white",
            "linecolor": "white",
            "ticks": ""
           }
          },
          "title": {
           "x": 0.05
          },
          "xaxis": {
           "automargin": true,
           "gridcolor": "white",
           "linecolor": "white",
           "ticks": "",
           "title": {
            "standoff": 15
           },
           "zerolinecolor": "white",
           "zerolinewidth": 2
          },
          "yaxis": {
           "automargin": true,
           "gridcolor": "white",
           "linecolor": "white",
           "ticks": "",
           "title": {
            "standoff": 15
           },
           "zerolinecolor": "white",
           "zerolinewidth": 2
          }
         }
        },
        "title": {
         "text": "RBI and MLB Hall of Fame Correlation"
        },
        "xaxis": {
         "anchor": "y",
         "domain": [
          0,
          1
         ]
        },
        "yaxis": {
         "anchor": "x",
         "autorange": true,
         "domain": [
          0,
          1
         ]
        }
       }
      }
     },
     "metadata": {},
     "output_type": "display_data"
    }
   ],
   "source": [
    "# Making a visualization\n",
    "\n",
    "corr_matrix = df.corr()\n",
    "\n",
    "fig = px.imshow(corr_matrix,\n",
    "                labels = dict(color = 'correlation'),\n",
    "                x = list(corr_matrix.columns),\n",
    "                y = list(corr_matrix.index),\n",
    "                color_continuous_scale=px.colors.sequential.ice,\n",
    "                zmin = -1, zmax = 1,\n",
    "                text_auto = True,\n",
    "                aspect='auto',\n",
    "                origin = \"lower\")\n",
    "fig.update_layout(title = 'RBI and MLB Hall of Fame Correlation')\n",
    "fig.show()"
   ]
  },
  {
   "cell_type": "code",
   "execution_count": 7,
   "metadata": {},
   "outputs": [],
   "source": [
    "# Feature/ Label Selection\n",
    "# HOF (Hall of Fame is going to be the Label/Target Variable)\n",
    "\n",
    "X = df.iloc[:,0:13]\n",
    "y = df.iloc[:,13]"
   ]
  },
  {
   "cell_type": "code",
   "execution_count": 8,
   "metadata": {},
   "outputs": [],
   "source": [
    "# random_state ensures the train_test_split is reproducable\n",
    "\n",
